id,target
0,1
2,1
3,1
9,0
11,1
12,1
21,0
22,0
27,0
29,0
30,0
35,0
42,0
43,0
45,0
46,1
47,0
51,1
58,0
60,0
69,0
70,0
72,0
75,1
84,0
87,0
88,0
90,0
94,0
99,1
101,0
103,1
106,1
108,0
111,1
115,0
116,1
122,0
123,0
124,1
125,0
127,1
140,0
142,1
147,0
148,0
150,0
152,0
154,0
155,0
166,0
167,0
169,1
177,0
179,0
181,0
186,0
188,0
189,0
192,0
200,1
202,0
206,1
207,1
214,1
217,1
223,1
224,1
227,1
228,1
230,1
233,1
234,1
236,1
239,1
250,1
255,0
257,0
259,0
275,1
278,0
282,0
284,0
286,0
288,1
292,1
295,0
300,0
304,1
305,1
306,0
308,0
311,0
317,0
319,0
323,0
324,0
325,0
326,0
333,0
339,0
342,0
343,0
350,0
351,0
357,0
359,0
362,0
366,1
367,0
369,0
373,0
374,1
376,0
377,0
378,0
379,0
382,0
385,0
387,0
388,0
391,0
392,0
395,0
399,0
400,0
403,0
405,0
408,0
411,0
414,0
416,0
417,1
422,0
425,0
428,0
430,0
431,0
433,0
434,0
439,0
441,0
449,0
458,0
460,0
464,0
473,1
488,0
491,0
494,1
497,0
500,0
505,0
507,0
508,0
510,0
511,0
515,0
525,1
529,0
532,0
534,0
537,0
539,0
541,0
545,0
547,1
548,1
549,1
553,1
554,1
555,1
557,1
562,1
566,1
572,1
573,1
582,1
586,1
587,0
590,1
591,0
593,0
595,1
596,1
597,0
601,0
602,0
605,1
610,1
616,0
618,0
620,1
626,0
627,0
629,0
632,1
634,1
639,0
645,1
647,1
648,0
650,1
663,0
666,1
668,0
670,0
673,1
676,0
678,0
692,0
693,1
694,0
695,0
696,1
698,0
701,0
703,1
707,1
708,1
711,1
715,1
718,0
722,0
723,1
733,1
741,1
742,1
743,1
747,0
749,0
750,0
756,0
757,0
760,0
764,0
765,0
766,0
768,0
769,0
771,0
772,0
776,0
778,0
780,0
785,0
789,0
792,0
793,0
811,1
813,0
816,0
821,0
824,0
825,0
827,0
830,1
831,1
839,1
844,0
847,1
850,1
854,1
855,1
858,1
861,1
862,1
865,1
869,1
879,1
880,1
887,1
889,1
897,1
900,1
901,0
904,1
908,0
909,0
910,1
913,1
914,1
917,1
918,1
920,1
922,1
924,1
925,0
927,1
933,0
937,0
943,0
949,0
950,1
954,0
966,0
967,0
969,0
970,1
973,0
975,0
980,0
988,0
989,0
995,0
1000,0
1003,0
1007,0
1011,0
1012,0
1013,0
1014,0
1016,1
1019,0
1025,0
1027,0
1028,1
1030,0
1033,1
1034,0
1039,0
1046,0
1047,0
1053,0
1055,0
1056,0
1059,1
1060,0
1063,0
1064,0
1068,0
1076,0
1086,0
1087,0
1089,0
1092,0
1095,0
1096,0
1097,0
1100,0
1101,0
1107,0
1108,0
1111,0
1115,0
1116,0
1121,0
1125,0
1127,0
1131,0
1133,0
1135,0
1137,0
1140,0
1144,0
1147,0
1148,0
1150,0
1158,0
1159,0
1161,0
1163,0
1165,0
1169,0
1171,0
1172,0
1176,0
1180,0
1184,0
1186,0
1187,0
1192,0
1193,0
1194,0
1197,0
1200,0
1205,0
1210,0
1216,0
1220,0
1231,0
1233,0
1246,0
1247,0
1248,0
1255,0
1256,0
1257,0
1258,0
1260,0
1261,0
1265,0
1266,0
1268,0
1274,0
1281,0
1285,0
1286,0
1291,0
1292,0
1295,0
1299,0
1306,0
1310,0
1311,0
1313,0
1314,0
1322,0
1323,0
1325,0
1329,0
1330,0
1333,0
1336,0
1339,0
1342,0
1344,0
1355,1
1357,0
1358,0
1359,0
1364,0
1366,0
1367,0
1370,1
1373,0
1377,0
1386,0
1387,0
1392,0
1397,0
1398,0
1400,0
1403,0
1404,0
1410,0
1413,0
1416,0
1417,0
1423,0
1424,0
1426,0
1427,0
1428,0
1430,0
1434,0
1435,0
1437,0
1438,0
1442,0
1446,0
1451,0
1457,0
1461,0
1462,0
1465,0
1468,0
1469,0
1471,0
1476,0
1478,0
1481,0
1489,0
1490,0
1492,0
1496,0
1512,0
1516,0
1517,0
1528,0
1529,1
1536,1
1539,0
1541,0
1542,0
1548,1
1550,1
1551,0
1552,1
1557,1
1563,0
1564,0
1565,1
1566,1
1571,0
1578,0
1581,0
1583,0
1584,0
1586,1
1589,1
1592,1
1598,1
1606,0
1612,0
1616,1
1620,0
1624,0
1629,1
1630,1
1635,1
1640,1
1641,1
1642,1
1651,1
1655,1
1656,1
1659,1
1664,1
1667,1
1668,1
1674,1
1678,1
1680,1
1681,1
1682,1
1685,1
1695,1
1696,1
1697,0
1704,1
1708,1
1711,1
1713,1
1714,1
1717,1
1729,0
1730,0
1732,1
1734,1
1736,0
1738,0
1742,0
1743,1
1746,0
1748,1
1749,1
1751,0
1758,0
1764,1
1765,1
1777,1
1778,1
1781,1
1782,1
1783,1
1785,1
1788,1
1793,1
1794,1
1795,1
1797,1
1800,1
1801,1
1805,1
1806,1
1819,1
1820,1
1825,1
1828,0
1829,0
1830,0
1839,0
1843,0
1844,0
1846,0
1849,0
1850,0
1854,0
1855,0
1858,0
1859,0
1862,0
1867,0
1868,0
1871,1
1872,0
1874,1
1876,0
1879,0
1884,0
1891,0
1894,0
1896,1
1902,0
1903,0
1904,0
1906,0
1907,0
1912,0
1913,0
1923,1
1926,0
1928,1
1930,1
1931,0
1934,0
1936,1
1944,1
1946,0
1947,1
1958,1
1964,0
1970,1
1974,1
1977,1
1978,1
1982,1
1984,1
1988,1
1993,0
1997,1
1998,1
2002,0
2004,1
2005,0
2008,0
2011,1
2013,0
2018,1
2021,1
2025,0
2029,1
2030,1
2032,0
2037,1
2041,1
2044,1
2048,1
2052,1
2053,0
2054,1
2062,0
2065,0
2066,0
2072,1
2079,0
2080,0
2085,0
2088,1
2090,1
2092,0
2093,0
2101,0
2104,0
2105,0
2106,0
2107,0
2120,0
2124,0
2127,0
2130,0
2132,0
2135,0
2137,1
2140,0
2143,0
2147,0
2151,0
2152,0
2155,0
2156,0
2162,0
2165,1
2166,1
2167,1
2168,0
2170,0
2178,1
2180,1
2182,1
2184,0
2185,0
2187,0
2196,1
2197,1
2199,1
2200,0
2201,0
2202,1
2206,1
2208,1
2218,0
2223,1
2224,1
2226,0
2228,1
2232,1
2234,1
2243,1
2247,0
2249,1
2252,1
2253,1
2259,0
2261,0
2264,0
2268,0
2269,0
2270,0
2276,1
2283,0
2287,0
2290,0
2291,0
2293,0
2295,0
2302,0
2305,0
2310,1
2313,1
2316,1
2320,0
2322,0
2323,1
2326,0
2328,1
2331,0
2335,1
2338,0
2343,0
2344,1
2345,1
2353,1
2355,0
2357,0
2360,1
2365,0
2369,0
2371,0
2378,0
2380,1
2381,0
2383,1
2384,0
2392,0
2393,0
2401,0
2403,0
2404,0
2405,0
2407,0
2411,0
2424,0
2426,0
2431,0
2433,0
2434,0
2436,0
2439,0
2444,0
2447,0
2448,0
2449,0
2450,0
2461,1
2469,0
2472,0
2473,0
2474,0
2477,0
2481,0
2484,0
2495,0
2503,0
2509,1
2511,1
2518,1
2522,1
2525,1
2526,1
2529,1
2533,1
2549,0
2551,0
2558,1
2562,1
2563,0
2567,0
2574,1
2577,1
2578,0
2580,0
2581,0
2583,1
2584,0
2586,0
2589,1
2595,0
2596,0
2600,1
2601,0
2607,0
2610,0
2613,0
2615,0
2618,0
2620,0
2623,1
2626,0
2630,0
2634,1
2636,1
2638,0
2639,1
2646,0
2650,1
2652,1
2653,0
2654,0
2662,0
2665,0
2669,0
2674,0
2678,0
2681,0
2685,0
2686,0
2690,0
2697,0
2699,0
2704,0
2705,0
2710,0
2712,0
2713,0
2716,0
2717,0
2718,0
2721,0
2722,0
2735,0
2737,0
2738,0
2742,0
2745,0
2746,0
2747,0
2750,0
2751,0
2754,0
2762,1
2764,0
2772,0
2775,0
2776,0
2779,0
2781,0
2789,0
2790,0
2791,0
2798,0
2800,0
2804,1
2805,0
2806,0
2809,0
2810,0
2812,0
2814,1
2816,1
2818,0
2823,0
2824,1
2834,1
2837,0
2840,0
2845,1
2847,1
2848,0
2850,0
2859,0
2862,0
2868,1
2874,0
2876,0
2892,0
2894,0
2897,0
2901,0
2903,0
2904,0
2906,0
2914,0
2918,0
2919,0
2923,0
2926,0
2928,0
2930,0
2938,0
2940,0
2949,0
2951,0
2958,0
2961,0
2962,0
2964,0
2966,0
2967,0
2968,0
2972,0
2977,0
2978,1
2979,0
2981,0
2985,0
2986,0
2989,1
2994,0
2996,1
2997,0
2999,0
3002,0
3007,0
3008,0
3017,0
3020,0
3024,0
3028,0
3031,1
3032,1
3033,0
3035,0
3040,0
3041,1
3046,0
3050,0
3063,1
3065,0
3067,1
3069,0
3076,0
3078,0
3081,0
3087,0
3088,1
3094,0
3096,0
3098,1
3103,1
3110,1
3113,1
3121,1
3127,1
3128,1
3129,1
3135,1
3143,1
3146,1
3148,1
3149,1
3151,1
3156,0
3160,0
3164,0
3169,0
3178,0
3187,0
3194,0
3202,0
3203,0
3204,0
3206,1
3207,0
3208,0
3209,1
3213,0
3214,0
3215,0
3220,0
3223,0
3224,0
3226,0
3228,0
3230,0
3232,0
3233,0
3234,0
3238,0
3246,0
3247,1
3250,0
3251,0
3254,0
3257,1
3258,0
3261,0
3267,0
3268,0
3269,0
3271,0
3272,0
3273,0
3279,0
3290,0
3291,0
3293,0
3294,0
3298,0
3305,1
3306,0
3307,0
3310,0
3313,0
3314,0
3315,0
3316,0
3321,1
3325,0
3326,0
3327,0
3330,1
3331,0
3332,0
3333,0
3343,0
3344,0
3348,0
3349,0
3350,0
3352,0
3353,0
3354,0
3358,0
3360,1
3366,0
3371,0
3374,0
3375,0
3378,0
3382,0
3384,0
3385,1
3386,0
3392,0
3399,1
3407,0
3409,0
3416,1
3420,0
3422,1
3424,0
3426,1
3427,0
3434,0
3438,0
3441,1
3442,1
3443,0
3444,1
3449,0
3453,1
3454,0
3456,1
3457,1
3458,1
3461,1
3467,0
3479,0
3488,1
3491,1
3496,1
3502,1
3507,1
3511,1
3515,1
3516,1
3538,1
3539,1
3541,1
3545,1
3546,1
3547,1
3551,1
3553,0
3556,0
3558,0
3559,0
3561,0
3562,0
3563,0
3564,0
3571,0
3574,0
3576,0
3577,0
3579,0
3580,0
3586,0
3590,0
3599,0
3600,0
3601,0
3605,0
3606,0
3612,0
3614,0
3615,0
3616,0
3620,0
3622,0
3624,0
3630,0
3644,0
3649,0
3651,0
3654,0
3665,0
3668,0
3671,0
3672,0
3673,0
3677,0
3678,0
3687,0
3688,0
3693,0
3698,0
3699,0
3701,1
3703,0
3706,0
3707,0
3709,0
3711,0
3714,0
3716,0
3720,1
3728,0
3731,0
3732,0
3733,1
3734,0
3740,1
3746,0
3749,0
3751,0
3755,0
3757,0
3762,0
3767,0
3769,0
3779,0
3781,0
3782,0
3783,1
3784,1
3790,0
3791,0
3792,1
3794,0
3799,0
3801,0
3804,0
3808,0
3809,0
3811,0
3813,0
3817,0
3818,0
3823,0
3843,0
3844,0
3846,0
3847,0
3852,0
3854,0
3856,0
3863,0
3865,0
3867,0
3871,0
3872,0
3878,0
3880,0
3881,0
3882,0
3883,0
3884,0
3885,0
3886,0
3890,0
3891,1
3898,1
3902,0
3909,0
3910,0
3912,0
3915,1
3918,0
3920,1
3925,0
3928,0
3929,0
3930,1
3931,0
3934,0
3939,0
3941,0
3942,0
3943,0
3946,0
3963,1
3965,1
3966,1
3971,1
3972,1
3974,0
3976,1
3978,1
3981,1
3985,1
3986,1
3987,1
3988,1
3991,1
3999,1
4001,0
4002,1
4004,1
4007,0
4009,0
4013,0
4015,0
4016,1
4023,0
4031,0
4035,0
4036,0
4037,0
4040,1
4048,1
4053,1
4056,1
4059,0
4066,1
4067,1
4069,0
4070,1
4071,1
4073,1
4074,0
4075,1
4082,1
4090,0
4099,1
4102,1
4106,1
4109,1
4110,1
4115,1
4118,1
4120,1
4125,1
4126,1
4130,1
4134,1
4136,1
4137,1
4144,1
4148,0
4151,0
4155,0
4162,0
4165,0
4169,0
4174,0
4179,0
4185,0
4186,0
4187,0
4188,0
4190,0
4192,0
4193,0
4194,0
4195,0
4196,0
4207,1
4208,1
4215,1
4217,1
4222,0
4223,1
4226,0
4228,0
4229,0
4231,1
4234,0
4236,0
4249,0
4254,1
4258,0
4259,0
4263,0
4267,0
4277,0
4278,0
4280,0
4283,0
4285,1
4286,1
4287,0
4290,0
4291,0
4294,0
4302,1
4308,1
4310,0
4311,1
4315,1
4316,0
4319,0
4331,1
4338,1
4339,1
4340,1
4344,1
4346,1
4347,1
4360,1
4364,1
4367,1
4369,1
4370,1
4371,1
4380,1
4386,1
4389,1
4390,1
4394,1
4399,0
4400,0
4404,0
4409,0
4414,0
4417,0
4418,0
4419,0
4420,0
4422,0
4429,0
4431,0
4433,0
4434,0
4439,0
4443,0
4446,0
4447,0
4453,0
4460,0
4461,0
4462,0
4467,0
4469,0
4473,0
4474,0
4475,0
4477,0
4481,0
4483,0
4484,0
4485,0
4495,0
4497,0
4500,0
4501,0
4502,0
4505,0
4506,0
4510,0
4512,0
4513,0
4532,1
4535,0
4536,0
4540,0
4545,1
4552,1
4554,1
4555,0
4558,1
4559,1
4560,0
4566,0
4570,1
4572,0
4574,0
4581,1
4583,1
4586,1
4591,1
4594,0
4603,1
4605,0
4612,0
4613,1
4615,0
4618,0
4621,0
4623,0
4626,0
4629,0
4633,0
4636,0
4638,0
4640,0
4643,0
4645,0
4647,0
4648,0
4651,0
4652,0
4653,0
4654,1
4660,0
4662,0
4663,0
4665,1
4668,0
4676,0
4683,1
4685,1
4686,0
4701,0
4718,0
4721,0
4727,0
4728,1
4733,1
4741,0
4743,1
4746,0
4751,1
4756,1
4761,0
4763,1
4764,1
4767,1
4772,1
4776,1
4780,1
4781,1
4792,1
4796,1
4801,1
4804,1
4805,1
4806,1
4811,1
4815,1
4816,1
4817,1
4818,1
4822,0
4824,1
4827,1
4837,0
4838,1
4839,1
4841,1
4851,1
4855,1
4861,0
4862,0
4863,0
4865,0
4871,0
4873,0
4880,0
4885,0
4886,0
4902,0
4904,0
4907,0
4916,0
4921,0
4925,0
4927,0
4928,0
4930,0
4932,0
4933,0
4937,0
4939,1
4941,0
4942,0
4947,0
4949,0
4950,0
4956,0
4960,0
4963,0
4965,1
4976,0
4977,0
4987,0
4991,0
4994,0
4999,0
5003,1
5006,0
5009,0
5011,1
5012,1
5014,0
5020,0
5021,0
5023,0
5026,0
5030,0
5031,1
5036,1
5042,0
5045,1
5048,1
5051,0
5053,0
5054,0
5057,0
5058,0
5066,1
5070,1
5077,1
5081,1
5084,0
5086,0
5090,1
5091,1
5093,0
5100,1
5108,1
5111,1
5112,1
5118,1
5121,1
5123,1
5129,1
5133,0
5143,0
5147,1
5151,1
5156,1
5158,1
5161,0
5163,1
5167,1
5173,1
5205,1
5214,0
5215,0
5216,0
5217,0
5225,0
5237,0
5239,0
5240,0
5241,0
5246,0
5250,1
5253,0
5258,0
5261,0
5268,0
5275,0
5277,0
5279,0
5288,0
5289,0
5294,0
5303,0
5307,0
5311,0
5312,1
5314,1
5318,0
5327,0
5329,1
5333,1
5334,1
5340,0
5348,1
5358,0
5360,0
5361,0
5363,1
5364,0
5369,1
5370,0
5374,1
5376,1
5388,0
5390,1
5393,1
5394,1
5395,1
5398,1
5399,1
5401,0
5402,1
5405,1
5414,1
5415,1
5419,0
5421,0
5422,0
5424,0
5427,1
5429,0
5431,1
5433,0
5434,1
5435,1
5436,0
5438,1
5440,1
5441,0
5447,0
5451,0
5453,0
5456,0
5457,0
5463,0
5464,0
5470,0
5472,0
5474,0
5478,0
5483,0
5490,0
5500,0
5504,0
5508,0
5511,0
5512,0
5513,0
5516,0
5523,0
5527,0
5530,0
5533,0
5536,0
5537,0
5542,0
5543,0
5546,0
5549,0
5550,0
5551,0
5562,0
5566,0
5568,0
5571,1
5572,1
5574,0
5583,0
5585,0
5591,0
5596,0
5597,0
5601,1
5606,1
5607,0
5610,0
5615,1
5616,1
5623,0
5630,1
5636,1
5637,1
5639,1
5640,1
5643,1
5648,0
5649,0
5660,0
5666,1
5667,1
5678,1
5679,0
5681,0
5682,1
5691,1
5696,1
5697,1
5700,1
5701,1
5702,1
5708,1
5709,1
5718,1
5723,1
5725,1
5728,1
5731,1
5735,1
5737,1
5738,1
5742,1
5747,1
5749,1
5750,1
5755,1
5756,1
5761,1
5762,1
5767,1
5768,1
5770,1
5773,1
5774,0
5779,1
5782,1
5785,0
5786,1
5787,1
5788,1
5796,0
5802,0
5806,1
5809,0
5810,0
5811,1
5813,1
5820,0
5823,0
5830,1
5831,0
5838,1
5839,1
5844,1
5846,1
5851,1
5852,1
5857,0
5859,0
5860,1
5862,1
5865,1
5866,1
5871,1
5872,1
5877,1
5878,1
5879,1
5880,1
5895,0
5897,0
5910,0
5914,0
5915,0
5917,0
5924,0
5926,0
5931,0
5936,0
5940,0
5941,0
5945,0
5946,0
5948,1
5951,0
5967,0
5968,0
5969,0
5970,0
5971,0
5973,0
5976,0
5977,0
5984,0
5986,1
5993,1
5994,1
6005,1
6006,1
6008,0
6010,1
6011,0
6014,1
6016,0
6018,0
6021,1
6025,1
6028,0
6029,1
6035,0
6040,0
6042,1
6044,0
6046,1
6052,1
6054,1
6062,1
6063,0
6067,1
6068,1
6077,0
6079,0
6080,1
6081,1
6082,1
6089,0
6095,0
6101,0
6107,0
6114,0
6117,0
6121,0
6122,0
6124,0
6129,0
6131,0
6136,1
6139,0
6142,0
6143,1
6144,1
6149,0
6155,1
6157,0
6158,0
6161,1
6168,0
6172,1
6176,1
6177,0
6179,1
6180,1
6182,0
6186,0
6189,0
6190,0
6194,1
6204,0
6205,0
6209,0
6210,0
6212,0
6214,1
6221,1
6225,1
6228,1
6229,0
6231,0
6235,1
6236,0
6237,1
6238,0
6239,0
6242,0
6249,0
6250,0
6251,0
6252,1
6260,0
6264,0
6266,0
6270,0
6275,0
6279,0
6280,0
6284,0
6285,1
6286,0
6287,1
6288,0
6289,1
6290,0
6291,1
6295,1
6298,1
6307,1
6308,0
6309,1
6313,0
6316,1
6319,1
6321,1
6324,0
6327,0
6333,1
6351,1
6352,1
6353,1
6357,1
6359,1
6360,1
6364,1
6367,1
6368,1
6377,1
6378,1
6379,0
6381,1
6390,1
6401,0
6408,1
6409,1
6411,0
6419,0
6424,1
6426,1
6428,0
6431,0
6432,1
6433,1
6435,1
6437,0
6439,1
6442,1
6444,1
6447,1
6456,1
6457,0
6460,0
6468,0
6471,1
6475,1
6476,1
6479,1
6483,1
6487,1
6488,0
6489,0
6496,0
6498,0
6502,0
6503,0
6507,0
6508,0
6509,0
6517,0
6521,0
6522,0
6524,0
6526,0
6531,1
6533,0
6538,0
6539,1
6544,1
6557,0
6558,0
6562,0
6563,0
6564,0
6574,0
6578,0
6581,0
6584,0
6587,0
6589,0
6590,0
6592,0
6595,0
6599,0
6600,0
6606,0
6609,0
6612,0
6615,0
6618,0
6620,0
6623,0
6633,0
6639,1
6640,0
6641,1
6645,0
6650,0
6651,1
6652,0
6657,0
6659,0
6666,1
6671,0
6673,1
6674,0
6677,0
6680,1
6684,0
6685,0
6691,0
6692,0
6696,0
6698,0
6704,0
6705,0
6710,0
6713,0
6715,0
6717,0
6718,0
6720,0
6728,0
6732,0
6733,0
6739,0
6740,0
6741,0
6743,0
6747,0
6750,1
6752,1
6753,0
6755,1
6761,0
6763,0
6768,0
6770,0
6771,1
6777,0
6778,0
6780,0
6782,1
6786,1
6791,0
6797,0
6798,0
6803,0
6805,0
6812,0
6816,0
6818,0
6822,0
6825,0
6826,0
6827,0
6829,0
6831,0
6836,0
6838,0
6840,0
6842,0
6846,0
6851,1
6853,1
6856,1
6859,1
6865,1
6866,1
6868,1
6869,1
6871,1
6873,1
6886,1
6887,1
6888,1
6889,1
6891,1
6894,1
6895,0
6899,1
6901,1
6902,1
6904,1
6906,1
6922,0
6923,0
6924,0
6927,1
6934,0
6938,0
6941,0
6942,1
6944,1
6947,0
6952,1
6957,1
6958,1
6964,1
6968,0
6969,1
6976,1
6982,1
6986,1
6987,1
6989,1
6991,1
6993,1
6995,0
6997,0
7000,0
7003,0
7004,0
7007,0
7011,0
7014,0
7016,0
7017,0
7020,0
7022,0
7028,0
7033,0
7034,1
7035,0
7038,0
7040,0
7041,0
7042,0
7045,0
7049,0
7055,0
7057,0
7062,0
7064,0
7066,0
7067,0
7072,0
7079,0
7082,0
7083,0
7084,0
7085,0
7087,0
7090,0
7094,0
7096,1
7099,0
7100,0
7101,0
7102,0
7103,0
7107,0
7110,0
7113,0
7117,0
7119,0
7123,1
7127,0
7133,1
7139,0
7143,0
7145,0
7151,0
7152,0
7153,0
7156,0
7162,0
7170,0
7172,0
7177,0
7181,0
7182,0
7189,0
7190,0
7200,0
7207,1
7209,0
7212,1
7216,0
7217,1
7219,1
7220,0
7222,1
7225,1
7233,0
7237,0
7238,1
7239,1
7240,1
7243,1
7245,1
7246,1
7249,1
7257,1
7258,1
7259,1
7262,1
7263,1
7269,1
7271,1
7273,1
7276,1
7279,1
7282,1
7284,1
7293,1
7298,1
7303,0
7304,1
7305,0
7308,1
7313,0
7314,1
7321,0
7322,0
7327,0
7333,0
7336,0
7339,0
7341,0
7346,0
7347,0
7349,0
7351,0
7353,0
7363,0
7364,0
7368,1
7370,0
7375,0
7376,0
7379,0
7382,0
7384,0
7385,0
7387,0
7388,0
7389,0
7394,0
7396,0
7398,0
7399,0
7401,0
7404,0
7406,0
7409,0
7411,0
7417,0
7420,0
7422,0
7423,0
7427,1
7429,0
7432,0
7435,0
7436,1
7440,1
7441,0
7445,0
7448,0
7449,0
7450,0
7454,0
7455,0
7460,0
7462,0
7464,0
7466,0
7468,0
7469,0
7471,0
7472,0
7483,0
7484,0
7485,0
7486,0
7487,0
7489,1
7492,0
7495,1
7499,1
7500,1
7506,1
7508,1
7509,1
7511,1
7516,1
7524,1
7538,1
7539,1
7541,1
7546,1
7549,1
7562,1
7564,1
7567,1
7572,1
7574,1
7575,1
7586,1
7592,1
7596,0
7597,0
7599,0
7606,0
7615,0
7618,0
7620,0
7624,0
7625,0
7629,0
7632,0
7636,0
7637,0
7646,0
7655,0
7658,0
7660,0
7664,0
7665,0
7666,0
7667,0
7673,0
7676,0
7682,0
7684,0
7690,0
7697,0
7700,0
7704,0
7705,0
7706,0
7708,0
7709,0
7710,0
7713,0
7716,0
7726,0
7729,0
7730,0
7732,0
7734,0
7740,0
7741,0
7745,1
7757,1
7762,1
7770,1
7776,1
7777,1
7778,1
7779,0
7782,0
7786,1
7791,1
7792,1
7794,1
7795,0
7796,0
7798,0
7805,0
7806,0
7808,0
7811,0
7814,0
7819,0
7820,0
7825,0
7829,0
7834,0
7836,0
7838,0
7841,0
7845,1
7846,0
7853,0
7856,0
7858,0
7859,1
7866,0
7875,1
7879,0
7884,0
7886,1
7890,0
7892,0
7896,1
7899,1
7900,1
7901,1
7904,1
7911,0
7917,0
7919,1
7920,1
7921,1
7922,0
7925,1
7927,1
7928,1
7931,0
7942,0
7946,1
7947,0
7948,0
7951,0
7956,0
7961,1
7964,1
7966,1
7967,0
7974,1
7975,1
7979,1
7985,1
7986,1
7993,1
7995,1
7997,0
7998,1
8004,1
8007,1
8011,0
8014,1
8022,0
8027,0
8033,1
8041,0
8042,1
8046,0
8048,0
8050,1
8051,1
8052,1
8053,1
8054,0
8059,0
8063,1
8072,0
8075,0
8076,0
8077,1
8078,1
8080,0
8082,0
8086,0
8090,1
8092,0
8093,0
8099,1
8104,1
8107,1
8108,0
8114,0
8115,1
8117,1
8123,1
8124,1
8127,1
8132,1
8134,1
8139,1
8145,1
8148,1
8151,1
8152,1
8153,1
8157,1
8160,1
8166,1
8167,1
8173,1
8174,1
8178,1
8179,1
8185,1
8186,1
8192,0
8193,0
8194,0
8197,0
8198,0
8199,0
8200,0
8206,0
8207,0
8220,0
8222,0
8227,0
8228,0
8229,0
8230,1
8233,1
8248,0
8249,0
8255,0
8260,0
8263,1
8265,1
8268,0
8269,1
8272,1
8273,1
8275,0
8277,1
8281,0
8282,0
8290,1
8293,1
8299,0
8302,0
8303,0
8305,0
8306,0
8307,0
8308,0
8313,0
8316,0
8319,0
8322,1
8323,1
8325,0
8326,0
8327,0
8328,0
8331,0
8333,1
8336,0
8338,0
8340,0
8342,0
8343,0
8353,0
8354,0
8357,0
8358,0
8359,0
8373,0
8376,0
8379,0
8380,0
8381,0
8384,0
8395,1
8398,1
8403,0
8407,1
8413,1
8417,1
8420,1
8421,0
8424,1
8426,1
8427,1
8438,1
8439,0
8442,0
8449,0
8456,0
8460,0
8462,0
8465,0
8466,0
8467,0
8469,0
8470,0
8474,0
8479,0
8481,0
8482,0
8485,0
8488,0
8492,0
8493,0
8495,0
8499,0
8501,0
8519,0
8521,0
8525,0
8527,0
8529,0
8532,0
8534,0
8535,0
8537,0
8544,0
8548,0
8549,0
8552,0
8554,0
8563,0
8564,0
8565,0
8566,0
8568,0
8569,0
8573,0
8583,0
8588,0
8590,0
8592,0
8593,0
8594,1
8597,0
8600,1
8601,0
8602,0
8603,0
8604,0
8605,1
8611,0
8614,0
8616,1
8617,1
8619,1
8626,0
8629,0
8630,1
8632,0
8634,1
8641,0
8645,1
8649,1
8652,1
8666,1
8671,0
8672,1
8675,1
8678,1
8679,1
8682,1
8687,1
8701,0
8703,0
8707,0
8713,0
8716,0
8719,0
8725,0
8730,0
8731,0
8748,0
8749,0
8756,0
8764,0
8765,0
8769,0
8771,0
8772,0
8773,0
8779,0
8792,0
8794,0
8796,0
8798,0
8803,0
8807,0
8809,0
8811,0
8813,0
8814,0
8818,0
8819,0
8820,0
8821,0
8822,0
8824,0
8826,0
8827,0
8828,0
8833,0
8834,0
8845,0
8847,0
8849,0
8861,0
8867,0
8868,0
8870,0
8873,0
8874,0
8876,0
8877,0
8879,0
8882,0
8884,0
8889,0
8891,0
8894,0
8895,0
8897,0
8898,1
8901,0
8904,1
8909,0
8910,0
8911,0
8915,0
8917,0
8918,0
8919,0
8922,0
8925,0
8928,0
8929,0
8930,1
8932,0
8937,0
8940,0
8943,0
8950,0
8951,0
8954,0
8958,1
8960,0
8964,1
8975,0
8977,0
8981,0
8982,0
8984,0
8988,0
8990,1
8991,0
8995,0
8997,0
9003,0
9004,0
9010,0
9011,0
9013,0
9014,0
9015,0
9017,0
9019,0
9021,0
9024,0
9032,0
9035,0
9036,0
9037,0
9043,1
9046,1
9048,1
9049,1
9050,1
9056,1
9063,0
9065,1
9066,1
9068,0
9069,1
9070,0
9073,1
9076,1
9091,1
9092,1
9104,1
9105,1
9108,1
9111,1
9115,1
9117,1
9122,1
9125,1
9127,1
9129,1
9133,1
9136,1
9138,1
9140,1
9147,1
9150,1
9152,1
9153,1
9155,1
9158,1
9160,1
9163,1
9165,1
9167,1
9168,1
9170,1
9176,1
9178,1
9184,1
9186,1
9188,1
9189,1
9190,1
9196,1
9198,1
9199,1
9200,1
9201,1
9202,1
9204,1
9205,1
9213,1
9214,1
9224,1
9227,1
9228,1
9229,1
9234,1
9236,1
9241,1
9243,0
9245,0
9256,0
9258,0
9261,0
9274,0
9279,0
9282,0
9284,0
9285,0
9291,0
9295,0
9299,0
9302,0
9304,0
9305,0
9306,0
9310,0
9312,0
9316,0
9318,0
9323,0
9326,0
9327,0
9328,0
9331,1
9335,0
9336,0
9340,0
9349,1
9352,0
9353,0
9354,0
9356,0
9357,0
9358,0
9359,0
9364,0
9366,1
9369,0
9370,0
9379,0
9381,0
9383,0
9389,0
9390,0
9392,1
9394,1
9398,1
9399,1
9400,0
9407,1
9409,1
9412,1
9413,1
9415,1
9419,1
9423,0
9424,1
9426,0
9427,1
9428,0
9429,0
9433,1
9437,0
9440,1
9442,1
9443,1
9444,1
9447,1
9459,1
9461,1
9462,0
9464,1
9473,1
9475,1
9476,1
9477,1
9478,1
9479,1
9483,1
9487,1
9494,1
9497,1
9498,1
9506,0
9512,1
9514,1
9515,1
9516,1
9517,1
9518,0
9521,1
9523,1
9527,1
9528,1
9530,0
9532,1
9534,1
9535,0
9536,1
9543,0
9544,0
9545,1
9546,0
9549,0
9558,0
9560,0
9561,0
9570,0
9573,0
9578,0
9584,0
9587,0
9588,0
9599,0
9601,0
9604,0
9614,1
9615,1
9621,1
9622,1
9623,1
9624,1
9626,1
9628,1
9630,0
9631,1
9633,1
9635,1
9637,1
9641,0
9647,1
9648,1
9649,0
9658,0
9662,1
9668,1
9671,0
9676,1
9677,1
9679,0
9682,1
9685,0
9689,0
9692,0
9693,0
9694,0
9696,0
9700,0
9711,1
9713,0
9720,0
9721,1
9725,0
9726,1
9727,0
9735,0
9740,1
9742,1
9743,0
9747,1
9748,1
9751,1
9758,0
9767,0
9768,0
9773,0
9777,0
9781,0
9784,0
9786,0
9789,0
9792,0
9793,0
9798,0
9799,0
9802,0
9803,0
9804,0
9805,0
9807,0
9809,0
9811,0
9814,0
9817,0
9821,1
9824,0
9825,0
9827,0
9839,1
9840,0
9843,0
9844,0
9845,0
9847,0
9848,0
9851,0
9852,0
9855,0
9856,0
9863,0
9867,0
9871,0
9876,0
9879,0
9882,0
9891,0
9892,0
9893,0
9895,0
9899,0
9900,0
9902,0
9903,0
9904,0
9908,0
9913,0
9914,1
9917,0
9922,1
9924,0
9926,0
9927,0
9928,0
9929,0
9936,0
9939,0
9947,0
9951,0
9954,0
9956,0
9957,0
9959,0
9962,0
9964,0
9966,0
9968,0
9969,0
9970,0
9975,0
9977,0
9981,0
9993,0
9996,0
9997,0
9999,0
10002,0
10007,1
10015,0
10019,1
10022,0
10024,0
10026,0
10033,0
10043,0
10046,0
10051,0
10053,0
10062,1
10063,1
10065,1
10068,1
10078,1
10086,1
10094,1
10095,1
10096,1
10097,1
10103,1
10104,1
10108,0
10122,0
10123,0
10128,0
10131,0
10133,0
10134,0
10135,0
10145,0
10148,0
10154,0
10155,0
10158,1
10160,1
10161,1
10162,1
10165,1
10166,1
10167,1
10170,1
10178,1
10180,1
10181,1
10185,1
10188,1
10190,1
10196,0
10200,1
10205,1
10211,0
10216,0
10219,0
10221,0
10225,0
10227,0
10228,1
10230,1
10232,1
10233,1
10235,0
10238,1
10240,1
10242,0
10248,1
10254,0
10257,0
10261,0
10262,0
10266,0
10267,0
10271,0
10277,0
10279,0
10281,0
10282,0
10285,0
10292,0
10298,0
10300,0
10309,0
10311,0
10312,0
10319,0
10324,1
10326,0
10328,0
10343,0
10346,0
10347,0
10353,0
10354,1
10356,0
10357,1
10362,0
10363,1
10370,1
10373,0
10386,0
10388,0
10389,0
10391,1
10397,0
10400,0
10403,0
10404,0
10408,0
10417,0
10425,0
10435,1
10437,1
10438,1
10440,0
10442,0
10447,1
10452,1
10453,0
10454,1
10459,1
10460,1
10463,1
10465,1
10469,1
10474,1
10475,1
10476,1
10477,1
10480,1
10491,1
10493,1
10494,1
10495,1
10497,1
10501,1
10504,1
10507,1
10509,1
10510,1
10512,1
10514,1
10526,1
10528,1
10530,1
10531,1
10532,1
10538,1
10539,0
10542,0
10547,0
10549,0
10556,0
10569,0
10572,0
10577,0
10579,0
10586,1
10594,1
10595,1
10597,0
10602,1
10604,1
10614,1
10617,0
10618,1
10619,1
10624,1
10633,1
10634,1
10635,0
10638,0
10639,0
10642,0
10643,0
10645,1
10646,0
10649,0
10652,1
10653,0
10654,0
10661,1
10664,1
10668,0
10670,0
10674,0
10683,0
10694,0
10697,0
10699,0
10701,0
10703,0
10713,0
10714,1
10716,0
10717,0
10719,0
10725,0
10728,0
10734,0
10738,1
10740,1
10742,1
10756,1
10757,1
10758,1
10761,1
10762,1
10773,1
10778,1
10781,1
10791,0
10792,0
10796,0
10797,0
10801,0
10804,0
10806,0
10807,0
10816,0
10820,0
10828,0
10836,1
10838,1
10845,1
10856,1
10857,0
10858,1
10861,1
10865,1
10868,1
10874,1
10875,1
